City,State,Latitude,Longitude,2017-01,2017-02,2017-03,2017-04,2017-05,2017-06,2017-07,2017-08,2017-09,2017-10,2017-11,2017-12,2018-01,2018-02,2018-03,2018-04,2018-05,2018-06,2018-07,2018-08,2018-09,2018-10,2018-11,2018-12,2019-01,2019-02,2019-03,2019-04,2019-05,2019-06,2019-07,2019-08,2019-09,2019-10,2019-11,2019-12,Jan_temp,Jan_precip,Jan_humid,Jan_cloud,Feb_temp,Feb_precip,Feb_humid,Feb_cloud,Mar_temp,Mar_precip,Mar_humid,Mar_cloud,Apr_temp,Apr_precip,Apr_humid,Apr_cloud,May_temp,May_precip,May_humid,May_cloud,Jun_temp,Jun_precip,Jun_humid,Jun_cloud,Jul_temp,Jul_precip,Jul_humid,Jul_cloud,Aug_temp,Aug_precip,Aug_humid,Aug_cloud,Sep_temp,Sep_precip,Sep_humid,Sep_cloud,Oct_temp,Oct_precip,Oct_humid,Oct_cloud,Nov_temp,Nov_precip,Nov_humid,Nov_cloud,Dec_temp,Dec_precip,Dec_humid,Dec_cloud
Encinitas,California,33.0369867,-117.2919818,50.0,43.0,71.0,84.0,95.0,98.0,72.0,73.0,68.0,69.0,57.0,71.0,43.0,61.0,63.0,68.0,95.0,68.0,78.0,86,62,66,57,63,42,42,75,68,96,73,70,72,75,59.0,70.0,58.0,57.1,3.7,68.45,32.3,55.9,3.6,70.86,33.6,57.9,1.3,73.66,29.0,61.6,0.3,71.33,39.9,62.2,0.7,73.76,63.6,65.0,0.0,79.04,60.2,69.5,0.0,79.83,37.0,70.3,0.0,79.7,36.1,69.9,0.0,75.94,34.6,66.8,0.2,62.2,24.5,61.7,1.4,62.38,26.2,56.8,2.0,60.29,18.8
Bowling Green,Kentucky,36.9685219,-86.48080429999999,145.0,126.0,179.0,145.0,209.0,215.0,177.0,197.0,164.0,163.0,137.0,133.0,147.0,114.0,164.0,162.0,195.0,189.0,172.0,208,184,164,123,117,125,93,143,151,135,131,176,174,134,141.0,122.0,129.0,38.5,3.3,69.59,58.8,47.5,7.5,70.46,54.2,48.4,3.6,62.05,46.0,59.4,4.5,65.22,38.7,71.2,4.3,71.34,35.8,76.0,6.8,72.19,30.8,79.7,3.1,72.89,27.0,77.5,5.0,73.34,29.7,74.1,4.3,73.61,24.7,60.8,4.9,73.05,35.3,45.5,4.7,71.69,41.7,41.9,4.7,70.77,49.3
Burnsville,Minnesota,44.7677424,-93.27772259999999,58.0,54.0,88.0,83.0,120.0,127.0,98.0,113.0,94.0,108.0,70.0,89.0,57.0,43.0,78.0,86.0,117.0,123.0,130.0,118,106,119,76,78,55,51,57,77,94,102,125,126,102,121.0,82.0,92.0,17.0,0.7,74.91,51.8,19.8,1.2,72.43,45.0,31.3,1.2,66.44,49.6,44.7,3.0,63.0,53.4,60.5,5.2,61.28,54.4,71.2,4.3,63.81,50.5,74.5,5.6,68.8,40.9,69.9,5.4,73.42,46.5,65.7,4.0,74.14,47.9,47.5,4.1,71.61,55.2,31.3,1.1,73.78,60.0,22.8,1.1,78.19,50.8
Greenville,South Carolina,34.8526176,-82.3940104,429.0,377.0,468.0,417.0,476.0,538.0,420.0,511.0,463.0,457.0,413.0,499.0,365.0,363.0,431.0,474.0,519.0,511.0,430.0,477,399,426,393,449,334,401,501,484,554,511,479,505,471,433.0,397.0,511.0,45.1,3.9,60.34,37.1,53.9,4.4,63.85,46.9,53.5,3.6,53.84,38.3,63.9,4.7,61.22,36.0,73.5,5.1,66.89,38.0,77.6,3.9,67.94,35.6,80.5,4.6,69.67,31.7,79.0,4.0,71.0,38.2,77.4,2.7,67.13,31.6,66.0,5.2,69.41,34.4,51.6,4.2,67.05,39.2,47.3,6.2,66.95,40.5
West Des Moines,Iowa,41.5638902,-93.75938409999999,90.0,65.0,108.0,130.0,142.0,164.0,153.0,131.0,115.0,85.0,116.0,101.0,70.0,85.0,108.0,106.0,163.0,143.0,188.0,160,75,119,106,90,59,65,81,111,134,154,139,148,123,124.0,114.0,119.0,23.4,1.4,74.79,64.2,27.4,1.5,71.56,63.2,37.5,2.8,67.38,65.3,50.3,2.6,61.32,65.0,64.0,6.9,67.98,59.1,74.1,5.4,65.66,52.9,77.4,3.0,68.36,43.6,72.9,4.6,71.41,50.7,69.2,5.3,74.21,49.3,51.1,5.1,71.04,56.6,35.8,1.1,71.09,60.7,29.7,1.5,72.72,60.8
Cedar Park,Texas,30.505197999999996,-97.82028879999999,103.0,108.0,146.0,137.0,180.0,186.0,159.0,174.0,127.0,148.0,113.0,147.0,102.0,101.0,107.0,152.0,182.0,178.0,167.0,163,125,126,110,140,72,113,149,170,183,149,183,155,136,130.0,101.0,130.0,51.4,2.2,63.41,42.2,56.4,2.0,72.35,39.2,63.8,2.1,63.23,46.1,67.8,2.9,64.53,43.4,75.8,4.2,69.92,50.7,81.6,3.8,69.06,42.5,84.9,2.4,60.77,23.9,84.4,6.5,62.97,29.3,79.3,4.0,69.1,39.9,68.4,6.2,69.13,41.0,58.1,1.5,69.06,40.6,51.8,4.4,67.78,41.0
Tulare,California,36.20772879999999,-119.3473379,,,,,100.0,76.0,65.0,88.0,62.0,67.0,73.0,126.0,56.0,55.0,75.0,74.0,73.0,77.0,75.0,74,48,61,70,74,63,61,87,84,71,52,70,74,70,81.0,54.0,76.0,49.1,2.4,85.13,39.3,50.3,2.1,75.44,29.9,55.7,2.0,72.97,27.7,63.2,0.5,59.7,15.3,68.3,0.7,55.35,17.8,78.3,0.0,46.65,1.6,83.1,0.0,45.9,0.9,81.0,0.0,50.03,0.8,74.2,0.1,51.41,1.6,62.9,0.1,55.76,3.0,54.8,0.9,68.41,15.6,47.3,0.8,80.45,30.3
Monterey Park,California,34.0625106,-118.1228476,31.0,42.0,41.0,44.0,38.0,45.0,43.0,43.0,46.0,41.0,41.0,34.0,31.0,24.0,32.0,28.0,48.0,45.0,36.0,41,35,27,20,22,22,18,26,31,29,40,32,29,38,44.0,26.0,34.0,57.9,5.1,64.07,28.4,56.5,3.2,63.37,37.7,61.1,1.6,60.8,33.3,64.4,0.1,59.66,29.0,64.1,0.5,65.8,49.6,69.1,0.0,67.4,47.0,75.0,0.0,64.41,20.6,75.1,0.0,65.62,21.7,73.6,0.0,63.74,26.5,70.1,0.2,52.8,18.0,63.6,1.3,57.86,22.1,58.1,2.2,53.97,16.1
Vineland,New Jersey,39.4863773,-75.0259637,53.0,64.0,66.0,57.0,70.0,70.0,87.0,94.0,57.0,83.0,65.0,80.0,88.0,54.0,62.0,71.0,61.0,91.0,82.0,71,58,86,77,85,50,52,78,59,97,95,79,91,83,81.0,86.0,85.0,34.6,2.7,72.02,44.3,40.3,3.1,70.3,38.5,40.7,4.0,63.07,39.2,54.8,3.0,67.67,43.2,64.1,6.2,75.66,47.6,72.1,4.0,73.91,33.5,77.1,6.3,76.9,33.8,75.5,4.0,77.55,33.1,70.7,3.3,77.5,41.8,60.5,4.8,76.54,40.2,44.8,3.2,70.39,34.1,37.8,3.8,73.15,40.4
North Miami,Florida,25.890094899999998,-80.18671379999999,68.0,59.0,64.0,70.0,88.0,89.0,84.0,54.0,73.0,75.0,57.0,52.0,64.0,58.0,70.0,72.0,83.0,70.0,86.0,75,64,70,75,60,45,66,57,72,75,57,79,72,56,66.0,59.0,66.0,68.4,2.2,71.42,47.8,74.0,1.2,73.89,41.7,72.1,1.6,64.75,37.5,77.1,3.3,67.44,40.1,80.1,7.7,72.59,43.9,82.2,12.0,77.31,38.3,84.0,10.3,74.54,32.4,83.7,12.0,76.97,35.2,83.7,8.5,75.68,37.8,80.9,6.8,75.66,42.8,75.4,2.8,75.64,42.2,71.3,2.3,74.53,40.1
Mansfield,Texas,32.5631924,-97.1416768,69.0,77.0,108.0,107.0,131.0,155.0,140.0,143.0,107.0,111.0,106.0,93.0,85.0,95.0,86.0,92.0,133.0,152.0,140.0,137,96,96,77,86,67,80,102,101,122,116,159,149,115,125.0,102.0,88.0,46.2,1.9,63.01,32.4,52.1,4.6,72.2,48.4,59.9,2.7,62.07,32.1,64.2,4.1,65.59,34.2,74.5,4.3,68.35,32.7,81.3,4.0,67.12,27.5,85.3,1.8,60.23,13.8,84.7,2.2,63.24,19.3,80.1,3.4,67.15,29.8,65.6,5.6,68.63,31.6,54.9,2.3,69.17,32.9,48.5,3.7,67.39,35.7
West Allis,Wisconsin,43.0166806,-88.0070315,54.0,56.0,70.0,85.0,121.0,115.0,109.0,96.0,93.0,98.0,90.0,67.0,64.0,55.0,60.0,82.0,103.0,108.0,128.0,104,96,101,72,63,60,64,79,76,101,95,126,113,89,125.0,77.0,70.0,24.1,2.1,69.89,55.1,27.7,2.7,69.32,42.1,33.9,2.0,62.34,47.4,43.8,4.0,61.44,53.9,56.4,5.3,66.66,56.5,65.1,5.1,69.83,43.8,72.8,3.2,67.9,35.5,70.8,3.4,69.36,49.5,66.2,5.1,73.04,48.7,51.4,5.2,70.31,56.3,34.8,1.8,68.94,59.4,30.3,1.6,68.72,52.2
Bristol,Connecticut,41.6717648,-72.9492703,52.0,43.0,51.0,61.0,71.0,81.0,64.0,80.0,57.0,85.0,49.0,63.0,59.0,35.0,45.0,51.0,61.0,72.0,80.0,63,53,68,63,56,53,35,50,72,54,66,84,80,57,68.0,56.0,55.0,29.5,4.2,66.94,48.4,34.4,3.3,67.19,45.5,36.2,2.7,58.61,47.3,49.3,5.6,66.17,54.5,59.9,3.8,69.87,58.1,68.0,3.3,70.06,42.6,74.5,4.5,72.52,36.7,72.1,3.7,75.27,39.8,65.6,4.1,77.37,42.4,55.6,6.6,76.75,49.5,39.9,3.5,69.19,44.5,32.0,5.0,71.73,48.4
Taylorsville,Utah,40.667724799999995,-111.93882579999999,63.0,61.0,83.0,88.0,82.0,91.0,68.0,104.0,112.0,91.0,81.0,63.0,55.0,61.0,79.0,100.0,105.0,87.0,83.0,80,87,97,84,86,52,51,58,93,96,84,83,96,88,93.0,60.0,69.0,30.7,1.6,78.69,54.1,34.1,1.7,67.28,60.7,41.8,3.4,67.08,54.2,50.8,3.1,59.52,48.2,57.6,2.6,57.52,42.4,69.9,0.3,39.47,20.4,80.4,0.4,34.91,18.3,77.5,0.4,34.81,14.4,66.6,1.6,43.72,21.5,47.1,1.1,57.47,31.2,40.3,1.3,66.35,38.0,31.4,1.4,84.06,60.5
Malden,Massachusetts,42.4250964,-71.066163,39.0,17.0,23.0,26.0,39.0,52.0,36.0,40.0,39.0,38.0,33.0,36.0,24.0,17.0,19.0,26.0,40.0,36.0,45.0,41,28,28,40,49,25,14,28,16,32,44,47,38,30,24.0,30.0,23.0,31.4,3.8,62.08,45.5,35.2,3.1,63.49,35.6,36.8,2.9,56.82,34.8,48.7,5.7,64.57,42.2,58.2,3.0,69.31,52.9,67.7,4.6,66.68,48.8,75.6,4.7,65.11,39.9,73.5,2.9,67.86,40.6,67.0,3.7,71.32,44.3,56.8,4.6,72.24,43.8,42.4,4.5,64.02,45.5,35.3,3.4,59.63,45.1
Meriden,Connecticut,41.5381535,-72.8070435,45.0,41.0,28.0,67.0,62.0,69.0,70.0,81.0,62.0,70.0,52.0,73.0,50.0,46.0,46.0,56.0,69.0,59.0,70.0,66,41,58,50,56,57,40,49,75,55,51,83,69,61,64.0,51.0,62.0,29.6,4.2,66.43,47.4,34.5,3.4,66.96,43.0,36.5,2.7,58.43,45.5,49.5,5.8,66.06,52.5,59.8,3.8,70.12,56.1,67.7,3.3,70.77,40.2,74.4,3.2,72.53,34.2,72.0,3.4,75.3,37.2,65.7,4.7,76.77,42.1,55.5,6.6,76.83,50.5,39.7,3.4,69.71,44.6,31.9,5.3,72.1,47.7
Blaine,Minnesota,45.1607987,-93.2349489,62.0,57.0,89.0,94.0,124.0,149.0,123.0,146.0,119.0,107.0,87.0,64.0,73.0,56.0,78.0,94.0,122.0,139.0,148.0,140,135,117,107,82,72,60,85,92,128,163,182,144,118,168.0,109.0,91.0,17.1,0.3,72.06,49.6,20.1,0.9,69.36,43.8,31.3,1.0,64.45,49.2,44.1,2.4,63.02,48.6,59.9,4.5,61.36,46.7,70.1,3.4,64.41,43.4,73.8,4.0,68.87,34.8,69.5,5.1,71.93,41.9,65.1,3.7,73.05,46.0,46.8,3.9,70.48,55.4,30.9,0.9,71.7,57.5,22.6,0.8,76.31,55.2
Wellington,Florida,26.6617635,-80.2683571,103.0,97.0,136.0,136.0,171.0,167.0,126.0,153.0,91.0,155.0,132.0,142.0,96.0,79.0,120.0,130.0,149.0,154.0,133.0,123,100,139,141,118,87,87,117,142,173,134,139,131,101,138.0,112.0,101.0,67.4,3.4,72.25,48.0,73.3,2.1,73.7,39.6,70.6,1.7,65.14,37.4,75.7,4.1,68.58,40.7,78.8,5.7,73.36,50.4,81.5,9.6,77.72,53.9,83.3,5.8,74.84,48.9,83.3,7.5,76.52,51.8,82.8,3.7,75.52,48.5,80.2,7.8,75.57,48.3,74.2,3.3,75.51,48.0,70.6,3.7,74.03,44.3
Cupertino,California,37.322997799999996,-122.03218229999999,27.0,15.0,38.0,36.0,37.0,38.0,30.0,29.0,41.0,33.0,15.0,33.0,18.0,32.0,28.0,42.0,38.0,37.0,39.0,36,21,35,27,16,19,23,26,35,50,36,39,26,33,35.0,32.0,28.0,51.8,3.8,77.62,54.2,52.4,3.7,68.43,48.0,55.5,2.3,70.83,47.8,59.3,0.9,66.96,41.0,61.2,0.4,68.39,45.1,66.9,0.0,64.84,26.2,67.9,0.0,69.8,24.4,68.6,0.0,70.55,32.1,68.0,0.0,63.85,25.7,63.2,0.1,58.32,22.1,56.5,1.3,68.27,39.2,51.8,1.1,71.14,41.0
Springfield,Oregon,44.0462362,-123.02202890000001,,,,,,139.0,117.0,136.0,119.0,116.0,124.0,98.0,102.0,84.0,113.0,108.0,132.0,132.0,118.0,141,95,121,91,93,65,73,84,83,112,97,122,115,100,96.0,87.0,73.0,40.0,4.2,87.98,60.8,40.4,6.9,87.32,69.6,45.1,3.6,82.53,60.7,50.5,5.0,79.17,65.7,56.8,1.3,76.32,52.8,61.9,0.9,68.25,46.8,67.9,0.1,61.11,27.7,68.6,0.2,62.68,37.4,61.6,2.2,70.52,48.7,51.3,2.3,77.28,43.8,44.6,4.2,86.69,57.1,40.0,4.5,89.28,60.6
Rogers,Arkansas,36.3320196,-94.1185366,74.0,94.0,97.0,125.0,132.0,134.0,125.0,150.0,134.0,141.0,116.0,109.0,88.0,88.0,121.0,140.0,117.0,152.0,137.0,149,109,113,112,102,74,63,96,114,150,129,140,128,140,138.0,96.0,129.0,37.1,3.7,70.14,45.1,44.1,4.3,71.8,49.2,49.6,5.6,64.82,48.4,57.6,7.9,65.97,36.8,68.6,8.5,72.47,34.5,75.6,4.7,72.01,27.0,78.6,4.7,73.07,22.1,75.8,7.7,78.38,34.9,73.5,2.8,74.71,22.8,58.4,6.1,73.78,28.9,46.4,4.5,69.77,35.2,40.4,3.3,70.17,44.0
Gardena,California,33.8883487,-118.30896240000001,30.0,22.0,41.0,27.0,38.0,54.0,48.0,46.0,43.0,26.0,34.0,45.0,28.0,24.0,32.0,33.0,36.0,39.0,31.0,36,31,42,29,38,23,26,22,36,30,32,33,44,38,39.0,31.0,31.0,58.1,4.6,66.28,34.8,56.3,2.9,65.81,39.6,59.8,1.4,65.99,35.4,62.4,0.1,65.38,31.6,62.5,0.3,70.93,51.6,66.3,0.0,74.14,53.0,71.9,0.0,72.61,30.9,72.3,0.0,73.53,31.8,71.0,0.0,71.68,33.7,69.1,0.2,61.13,24.4,63.6,1.1,62.86,27.4,58.6,2.0,57.19,22.7
National City,California,32.6781085,-117.0991967,16.0,23.0,21.0,16.0,16.0,17.0,34.0,38.0,14.0,32.0,28.0,20.0,17.0,21.0,23.0,16.0,28.0,13.0,21.0,23,18,18,25,16,16,17,23,23,27,28,15,20,26,19.0,19.0,17.0,58.0,2.6,67.56,55.5,57.9,2.3,66.36,59.0,60.6,0.8,66.49,62.2,62.4,0.0,69.23,58.0,62.6,0.5,71.41,74.0,65.4,0.0,76.4,74.3,70.6,0.0,76.21,67.1,71.6,0.0,75.75,64.2,70.6,0.0,74.41,57.1,68.0,0.1,65.6,42.8,63.0,0.8,67.85,52.3,58.3,1.9,62.34,45.2
Grand Junction,Colorado,39.0638705,-108.5506486,141.0,142.0,223.0,247.0,282.0,332.0,291.0,261.0,246.0,268.0,191.0,205.0,193.0,179.0,221.0,248.0,320.0,311.0,270.0,310,230,230,211,181,147,147,236,235,304,295,305,300,246,266.0,214.0,194.0,29.2,0.8,74.84,35.8,36.6,0.8,65.46,40.8,46.2,1.1,48.19,29.9,54.4,0.7,38.13,28.9,61.8,0.6,38.9,24.2,75.8,0.3,24.02,7.2,81.2,0.4,31.43,9.0,77.9,0.6,30.74,9.3,69.7,0.3,33.24,10.8,49.5,1.0,45.83,23.0,40.0,0.4,48.82,18.4,30.1,0.5,63.87,28.4
Rocklin,California,38.7907339,-121.2357828,57.0,50.0,98.0,100.0,138.0,122.0,106.0,142.0,88.0,80.0,110.0,65.0,60.0,58.0,92.0,107.0,114.0,111.0,110.0,121,88,76,77,65,70,68,86,114,145,151,114,111,87,95.0,77.0,75.0,46.7,3.6,83.61,48.9,48.2,2.7,73.42,39.2,52.7,3.5,72.14,36.7,58.3,1.4,65.81,26.8,64.2,0.7,59.89,16.6,74.4,0.1,46.6,4.9,79.7,0.3,38.91,1.6,77.3,0.0,45.94,2.1,71.3,0.0,46.2,6.3,61.8,0.3,44.14,5.7,52.5,1.8,66.53,28.9,46.6,2.8,77.65,31.6
Chapel Hill,North Carolina,35.913199600000006,-79.05584449999999,120.0,105.0,168.0,189.0,273.0,275.0,205.0,204.0,166.0,148.0,158.0,136.0,120.0,131.0,185.0,219.0,260.0,269.0,223.0,201,125,129,128,132,87,88,137,167,222,226,200,135,137,131.0,112.0,129.0,39.9,3.8,63.93,31.6,51.6,1.5,69.21,41.4,47.9,3.6,58.79,37.7,60.2,5.0,63.06,31.7,71.2,3.7,73.16,17.2,74.4,4.7,77.46,13.5,78.1,3.6,75.71,11.7,75.7,5.7,80.39,15.4,73.2,5.0,79.56,11.5,62.4,3.5,79.0,13.5,47.5,4.0,74.71,12.7,43.8,4.2,70.96,15.2
Broomfield,Colorado,39.9205411,-105.0866504,84.0,83.0,127.0,106.0,159.0,160.0,126.0,155.0,113.0,115.0,105.0,120.0,92.0,70.0,103.0,129.0,158.0,150.0,156.0,117,131,129,128,132,106,98,119,167,169,158,165,137,124,114.0,92.0,104.0,32.9,0.5,57.75,29.1,33.4,0.1,56.45,29.6,42.9,0.8,50.14,29.9,49.5,0.7,49.54,32.4,56.4,2.9,59.59,44.9,69.0,1.6,44.21,26.9,74.2,2.3,47.27,25.4,71.6,1.8,46.78,24.9,66.1,0.8,45.55,28.6,47.6,1.2,54.69,33.7,40.1,0.8,58.05,23.0,32.8,0.1,53.91,28.7
Petaluma,California,38.232417,-122.6366524,39.0,45.0,91.0,62.0,61.0,91.0,49.0,85.0,65.0,49.0,57.0,46.0,41.0,37.0,58.0,81.0,74.0,75.0,63.0,89,57,65,52,42,31,40,54,58,84,64,64,73,63,77.0,56.0,60.0,49.0,8.6,89.01,55.7,47.7,6.3,80.76,46.3,51.7,4.6,83.47,52.7,56.2,2.4,82.3,39.3,56.9,0.6,84.15,57.4,63.7,0.1,72.32,19.6,65.0,0.0,73.85,25.1,65.7,0.0,76.2,32.5,64.7,0.0,70.96,23.2,59.0,0.1,64.13,23.0,52.7,2.8,76.89,35.6,49.5,3.3,89.28,56.9
South Jordan,Utah,40.5621704,-111.929658,,,,,,,,,,,,,,,,,150.0,184.0,182.0,165,146,136,116,102,72,76,119,122,161,150,171,175,119,118.0,106.0,118.0,30.4,1.7,79.69,45.3,33.3,1.7,68.64,57.0,41.0,3.3,69.22,50.0,50.4,3.1,61.33,43.3,56.9,2.7,59.49,38.4,69.1,0.3,41.0,15.6,79.8,0.5,35.88,11.7,77.0,0.4,35.92,8.8,66.3,1.8,44.88,16.5,46.6,1.1,58.95,27.8,40.0,1.3,67.14,30.5,31.1,1.5,85.78,57.5
Springfield,Ohio,39.9242266,-83.8088171,107.0,101.0,140.0,142.0,153.0,164.0,142.0,156.0,146.0,146.0,126.0,130.0,115.0,118.0,128.0,151.0,151.0,140.0,163.0,190,169,145,152,123,96,106,148,155,159,193,178,188,159,190.0,149.0,160.0,29.4,3.2,80.5,70.3,37.7,5.0,77.53,62.2,38.3,4.4,70.49,45.9,52.4,4.5,68.0,38.2,65.2,6.1,74.03,49.2,71.0,6.6,74.84,40.7,74.0,5.5,78.26,27.4,71.5,2.9,79.37,32.2,68.5,3.3,78.11,33.8,56.0,2.9,77.08,39.4,38.9,4.8,79.46,53.6,33.5,2.9,81.95,56.0
Great Falls,Montana,47.5052849,-111.30077150000001,,,,,,,,,,,,,,,,,,,,125,90,90,86,73,54,63,89,77,114,125,140,137,127,104.0,110.0,92.0,25.3,1.3,67.28,35.6,12.9,2.3,72.95,51.7,29.9,0.9,68.96,36.3,42.2,3.1,63.45,46.1,54.1,3.1,61.64,45.2,61.5,3.4,56.32,33.8,70.6,0.7,43.56,13.5,67.5,1.1,44.55,20.6,55.6,2.6,57.72,36.2,41.6,1.8,59.78,34.9,33.2,1.4,64.83,39.8,27.7,0.9,62.97,38.4
North Port,Florida,27.044224,-82.23592540000001,116.0,131.0,187.0,193.0,205.0,198.0,170.0,193.0,129.0,168.0,132.0,172.0,136.0,141.0,152.0,193.0,193.0,168.0,162.0,165,132,150,109,132,114,122,178,198,166,132,205,173,168,170.0,159.0,201.0,61.7,2.2,75.61,14.3,70.3,1.1,82.92,15.2,67.1,1.0,72.12,11.0,74.0,0.7,74.0,13.3,78.3,11.5,75.32,25.2,82.4,8.2,77.64,19.3,82.8,11.0,77.69,16.3,82.7,15.0,79.63,18.6,82.2,8.4,77.43,18.7,79.2,3.5,77.63,17.8,70.5,4.0,79.38,19.3,66.5,2.1,80.72,20.3
Lakewood,Washington,47.1717649,-122.51845800000001,66.0,38.0,77.0,72.0,93.0,104.0,76.0,96.0,87.0,87.0,66.0,67.0,68.0,77.0,73.0,88.0,87.0,91.0,94.0,93,73,78,78,68,65,51,79,75,100,89,85,83,89,87.0,58.0,74.0,39.7,4.8,93.03,63.6,38.1,5.5,90.3,68.2,44.1,4.3,85.5,55.4,49.4,4.5,84.08,57.0,57.5,1.2,78.95,50.2,60.9,1.1,75.85,52.9,66.4,1.0,72.07,32.6,66.6,5.0,75.92,31.9,60.1,10.1,82.05,44.0,48.9,10.1,88.83,35.6,44.1,4.8,93.74,56.6,40.0,6.3,96.38,58.3
Marietta,Georgia,33.952602,-84.5499327,388.0,404.0,621.0,608.0,785.0,771.0,671.0,653.0,583.0,524.0,511.0,558.0,401.0,475.0,631.0,689.0,734.0,764.0,715.0,744,512,549,561,476,421,469,619,644,755,739,764,653,552,614.0,493.0,530.0,43.6,4.8,66.76,54.2,53.2,4.6,71.32,64.8,53.5,4.1,58.32,54.5,63.0,6.5,63.54,51.6,72.5,7.6,68.77,51.4,76.0,7.0,74.1,56.5,79.1,7.2,73.18,50.7,78.2,4.7,73.73,50.4,76.2,2.3,71.07,31.8,64.6,4.8,74.0,40.9,50.4,4.6,74.36,44.6,46.3,5.8,74.39,57.4
San Rafael,California,37.9735346,-122.5310874,,,,,,,,,,,,,37.0,51.0,61.0,87.0,100.0,88.0,66.0,76,65,67,54,62,44,57,55,85,84,69,74,57,63,66.0,63.0,56.0,51.1,4.0,79.79,19.3,50.9,0.1,77.37,0.6,54.0,0.1,80.77,1.2,56.9,0.0,70.44,2.7,58.1,0.0,73.03,15.3,62.9,0.0,65.78,6.0,62.2,0.0,69.61,8.7,64.0,0.0,70.48,14.5,63.9,0.0,70.39,8.2,61.7,0.0,68.91,8.0,54.2,1.1,69.17,13.3,51.7,0.7,77.68,12.4
Royal Oak,Michigan,42.4894801,-83.1446485,168.0,129.0,151.0,151.0,165.0,225.0,193.0,207.0,190.0,161.0,165.0,121.0,125.0,107.0,136.0,150.0,196.0,214.0,190.0,196,138,159,133,118,125,86,125,135,190,195,180,161,135,140.0,140.0,114.0,26.6,1.4,72.95,59.3,31.4,1.8,70.73,56.6,34.6,2.3,61.51,46.0,47.5,3.5,59.99,47.3,60.6,5.0,62.25,43.4,69.7,2.3,61.01,35.3,75.2,2.8,62.84,25.9,73.3,3.3,65.09,29.4,67.6,2.7,72.61,31.1,54.5,3.4,72.1,43.9,37.5,2.3,72.32,55.0,32.5,1.5,73.29,55.7
Des Plaines,Illinois,42.03336229999999,-87.88339909999999,,,,,,,,,,,,,,,,,,161.0,152.0,144,120,132,113,105,85,74,82,113,135,125,120,127,111,109.0,112.0,,25.3,2.2,73.69,67.7,31.2,2.7,70.59,62.6,36.5,2.5,63.39,61.1,47.8,4.9,62.3,63.8,60.2,6.7,66.24,64.4,70.0,5.3,65.83,58.3,75.8,4.4,65.14,49.2,73.2,4.2,67.22,53.7,69.2,4.0,68.39,54.7,53.9,6.9,69.76,63.5,36.9,2.0,70.31,72.6,31.7,1.8,71.45,67.1
Huntington Park,California,33.981681200000004,-118.22507250000001,7.0,11.0,20.0,15.0,11.0,19.0,19.0,14.0,14.0,20.0,22.0,13.0,10.0,16.0,15.0,7.0,15.0,17.0,12.0,20,14,7,13,14,9,13,11,19,15,10,9,14,14,,,,58.1,5.0,64.84,34.2,56.7,3.0,64.41,40.7,60.5,1.6,63.84,34.1,63.2,0.1,63.45,31.4,63.2,0.4,69.28,51.4,67.4,0.0,71.9,50.0,73.4,0.0,69.13,24.6,73.7,0.0,70.29,26.4,72.4,0.0,67.96,30.1,70.0,0.2,57.69,21.8,64.0,1.2,60.47,25.0,58.8,2.2,55.31,19.7
La Mesa,California,32.7678287,-117.02308390000002,72.0,73.0,84.0,99.0,109.0,100.0,104.0,85.0,84.0,85.0,100.0,88.0,56.0,80.0,88.0,99.0,110.0,106.0,95.0,90,75,83,62,85,67,67,66,94,91,84,98,107,80,89.0,72.0,84.0,57.4,3.0,64.21,32.3,55.9,3.7,65.25,41.9,59.6,0.9,64.8,38.8,63.5,0.2,62.44,39.6,63.1,0.7,67.94,64.5,68.1,0.0,69.03,53.4,74.2,0.0,66.54,35.4,74.7,0.0,67.04,37.8,72.8,0.1,65.69,38.1,69.4,0.2,55.75,28.7,63.5,1.2,57.78,27.0,57.6,2.2,58.35,24.8
Orland Park,Illinois,41.6303103,-87.8539425,111.0,67.0,115.0,103.0,129.0,165.0,157.0,177.0,135.0,147.0,125.0,98.0,90.0,76.0,99.0,125.0,168.0,169.0,158.0,151,122,133,136,101,76,53,96,119,124,146,140,124,117,115.0,95.0,78.0,25.4,1.8,77.86,59.2,31.1,2.8,75.7,53.0,36.5,2.6,67.77,49.2,48.0,4.1,66.42,49.3,60.5,6.0,71.1,53.7,70.3,5.0,67.69,46.3,75.3,7.3,68.91,38.9,72.7,5.3,70.9,42.6,68.9,3.1,72.34,39.8,53.8,7.3,73.03,52.4,36.9,2.3,74.5,54.0,31.7,1.3,75.19,53.9
Lakeville,Minnesota,44.6496868,-93.24271999999999,60.0,47.0,65.0,85.0,121.0,123.0,132.0,140.0,120.0,91.0,101.0,98.0,71.0,58.0,75.0,94.0,140.0,138.0,123.0,144,121,122,109,87,68,81,83,136,145,176,195,182,155,166.0,177.0,133.0,16.6,1.0,78.82,39.1,19.1,1.5,77.69,29.7,30.0,1.4,74.22,36.5,43.7,3.4,69.43,42.4,59.7,5.6,66.33,44.0,70.8,5.3,68.3,42.0,73.4,6.1,74.3,31.1,68.4,5.1,81.69,33.2,65.1,4.1,79.27,34.3,47.4,4.7,75.43,38.4,31.3,1.3,78.83,39.8,22.7,1.2,82.69,42.3
Moore,Oklahoma,35.339507899999994,-97.48670279999999,78.0,77.0,108.0,121.0,143.0,129.0,118.0,145.0,99.0,97.0,102.0,93.0,91.0,96.0,104.0,120.0,116.0,110.0,133.0,153,115,128,120,96,79,103,109,120,144,131,183,133,141,166.0,124.0,131.0,38.8,1.3,63.15,41.3,43.3,2.4,68.81,50.0,52.6,5.6,61.22,44.6,58.9,5.5,64.96,46.2,69.9,7.0,70.46,42.6,77.4,5.5,69.53,37.9,81.9,1.7,65.07,31.7,79.2,8.6,70.85,41.6,74.6,5.8,73.81,41.5,59.5,5.1,68.94,37.5,48.0,0.7,65.82,41.3,41.3,4.0,66.04,45.9
Jupiter,Florida,26.934224600000004,-80.09420870000001,165.0,143.0,226.0,238.0,260.0,269.0,182.0,233.0,163.0,198.0,168.0,161.0,188.0,141.0,249.0,238.0,223.0,267.0,211.0,220,152,207,193,185,157,135,218,223,267,237,261,197,170,155.0,158.0,188.0,67.1,3.5,72.32,45.8,73.0,1.9,74.23,38.7,70.4,1.8,65.5,35.8,75.6,4.2,68.66,38.3,78.7,6.2,73.77,49.3,81.3,9.3,78.06,52.0,83.1,5.9,75.26,46.1,83.0,7.5,77.08,49.8,82.7,3.8,75.45,46.8,80.1,7.7,75.24,46.2,73.9,2.8,75.33,47.3,70.1,3.9,74.0,42.0
Idaho Falls,Idaho,43.4926607,-112.0407584,104.0,109.0,182.0,156.0,207.0,212.0,197.0,192.0,199.0,153.0,156.0,142.0,119.0,102.0,200.0,191.0,178.0,226.0,187.0,220,167,221,150,101,82,102,112,146,194,197,213,228,165,166.0,144.0,137.0,20.6,0.7,84.54,54.4,26.9,1.0,79.45,67.0,36.3,0.7,72.2,49.2,45.3,1.5,61.36,53.2,54.0,1.9,60.31,42.7,61.7,1.1,55.26,28.5,70.6,0.8,50.67,17.8,67.4,0.2,47.43,15.3,57.8,1.7,54.02,29.4,40.8,0.9,62.46,31.3,33.2,0.5,70.42,46.7,22.0,0.5,83.85,63.2
Dubuque,Iowa,42.5022661,-90.6654675,58.0,71.0,83.0,93.0,116.0,163.0,110.0,96.0,81.0,120.0,87.0,111.0,77.0,39.0,73.0,117.0,123.0,141.0,114.0,97,105,90,88,73,53,61,59,63,93,89,111,110,87,81.0,94.0,69.0,20.3,1.9,80.47,46.4,24.7,2.5,77.37,36.5,33.9,1.8,67.25,37.7,45.2,3.6,66.65,39.9,60.4,5.2,73.03,46.3,69.6,5.8,72.54,34.6,72.8,5.6,77.58,25.5,68.6,5.3,80.13,32.3,65.3,8.1,79.62,34.7,49.0,6.6,75.51,46.9,32.5,1.5,77.14,52.6,27.3,1.3,78.71,46.7
Bartlett,Tennessee,35.204532799999996,-89.8739753,72.0,50.0,97.0,89.0,102.0,133.0,106.0,111.0,102.0,79.0,92.0,79.0,60.0,50.0,73.0,102.0,98.0,112.0,111.0,135,87,107,76,73,59,61,80,108,113,114,131,101,106,95.0,66.0,98.0,42.0,4.4,72.35,63.7,50.6,7.8,73.33,70.5,53.5,4.1,64.01,57.5,61.9,6.8,68.89,54.0,72.8,4.5,72.19,56.2,78.1,5.3,73.98,54.3,81.0,5.0,76.22,47.8,79.1,4.8,76.64,53.6,76.8,2.2,72.58,37.3,63.5,6.3,73.0,41.3,48.7,3.7,73.38,46.7,44.4,6.8,74.99,58.0
Rowlett,Texas,32.9029017,-96.56388000000001,81.0,76.0,123.0,118.0,126.0,132.0,119.0,129.0,116.0,114.0,88.0,113.0,79.0,86.0,106.0,124.0,110.0,137.0,132.0,127,115,94,102,79,72,81,96,128,134,106,151,128,109,116.0,97.0,85.0,46.3,1.6,63.34,29.2,50.7,8.8,77.18,36.4,60.1,3.7,62.14,24.2,62.7,3.9,65.51,25.0,75.4,4.6,70.21,31.5,80.5,5.5,70.99,39.7,84.3,2.5,64.68,24.2,83.4,5.0,67.45,30.0,78.9,5.0,70.83,36.2,66.0,6.5,69.87,36.7,55.5,2.0,68.86,36.6,49.0,3.3,68.28,41.2
Novi,Michigan,42.48059,-83.47549129999999,65.0,50.0,55.0,55.0,69.0,94.0,82.0,105.0,93.0,87.0,75.0,55.0,60.0,42.0,57.0,60.0,81.0,84.0,96.0,120,89,72,81,57,45,32,62,75,96,79,83,106,79,75.0,73.0,46.0,25.8,1.7,75.18,68.7,31.1,1.9,71.91,68.3,34.1,2.5,64.08,57.6,47.4,3.7,62.37,61.7,60.7,4.7,65.08,58.4,69.6,2.4,64.35,52.8,74.6,2.4,66.09,43.4,72.0,2.9,69.47,48.7,66.6,2.9,74.7,50.2,53.3,4.0,74.38,61.3,36.6,2.2,73.49,72.4,30.7,1.4,76.08,70.3
White Plains,New York,41.0339862,-73.76290970000001,40.0,32.0,33.0,32.0,45.0,61.0,56.0,67.0,52.0,34.0,50.0,40.0,39.0,45.0,34.0,45.0,35.0,40.0,46.0,50,39,35,18,39,36,23,25,33,21,35,46,54,53,51.0,35.0,40.0,31.3,3.2,64.45,43.5,36.1,3.1,64.76,37.6,37.0,3.1,56.87,41.1,50.0,4.9,64.47,43.9,60.3,5.5,70.37,50.2,69.1,3.1,67.39,38.2,75.2,5.0,70.52,38.0,72.9,4.4,73.65,40.5,67.3,4.0,74.62,41.3,57.7,5.7,73.06,45.0,42.1,3.2,64.89,42.4,34.8,4.6,67.88,44.8
Arcadia,California,34.139729200000005,-118.0353449,56.0,53.0,80.0,79.0,108.0,102.0,82.0,114.0,84.0,68.0,60.0,49.0,49.0,42.0,55.0,58.0,50.0,78.0,55.0,78,48,52,49,43,40,35,41,47,70,60,60,57,53,54.0,49.0,66.0,56.8,5.4,63.73,32.2,54.9,3.7,63.68,38.5,60.6,1.8,60.42,35.6,64.5,0.1,58.06,29.6,64.1,0.7,64.91,50.4,70.2,0.0,65.31,40.6,75.9,0.0,61.3,19.4,75.9,0.0,62.69,19.0,73.9,0.0,61.13,25.7,69.8,0.3,53.7,22.1,63.7,1.4,53.24,21.0,57.2,2.2,51.95,16.5
Redmond,Washington,47.6739881,-122.12151200000001,68.0,82.0,90.0,105.0,170.0,193.0,142.0,144.0,132.0,140.0,116.0,86.0,59.0,56.0,95.0,121.0,130.0,143.0,148.0,120,93,102,95,61,66,104,92,115,111,133,152,124,91,105.0,87.0,100.0,41.4,3.4,75.28,50.7,38.9,3.7,75.57,63.7,47.1,2.1,65.91,41.0,51.8,3.2,71.43,63.5,60.2,0.6,66.45,56.5,62.5,0.7,62.91,58.4,69.0,0.4,59.92,36.7,68.7,0.1,64.16,30.0,62.7,1.1,69.2,52.6,51.5,2.7,77.44,48.2,46.6,2.6,80.63,44.1,42.8,4.6,83.85,55.9
Lake Elsinore,California,33.668077200000006,-117.3272615,97.0,103.0,118.0,122.0,141.0,158.0,117.0,133.0,140.0,120.0,107.0,133.0,88.0,91.0,105.0,118.0,118.0,114.0,144.0,88,87,99,79,104,92,62,102,119,110,134,110,125,123,105.0,100.0,102.0,54.5,3.5,62.37,21.8,52.3,3.2,67.11,23.6,57.4,1.3,64.1,21.8,61.9,0.1,57.09,16.5,61.9,0.6,67.52,27.6,69.8,0.0,63.42,14.1,77.1,0.0,55.39,7.4,76.4,0.1,57.07,5.6,72.8,0.0,57.47,11.2,67.8,0.4,46.19,9.1,60.8,1.0,49.11,14.6,54.5,1.4,50.53,13.8
Ocala,Florida,29.187198600000002,-82.14009229999999,418.0,481.0,581.0,451.0,577.0,566.0,519.0,570.0,434.0,471.0,483.0,486.0,373.0,480.0,501.0,507.0,568.0,520.0,559.0,586,488,600,542,543,429,419,514,587,583,551,548,539,485,504.0,447.0,562.0,56.5,3.4,75.29,34.2,66.7,2.1,79.14,42.5,62.9,2.7,69.22,24.0,70.1,5.0,72.71,25.6,76.7,10.8,74.61,30.8,79.4,15.1,83.47,33.6,79.7,12.2,84.46,31.4,80.5,11.5,84.05,36.4,79.7,3.3,80.02,26.5,74.6,3.3,79.28,28.4,63.9,2.8,81.11,34.9,60.4,6.6,82.07,45.1
Tinley Park,Illinois,41.5731442,-87.7932939,107.0,70.0,133.0,92.0,149.0,177.0,132.0,152.0,137.0,133.0,121.0,75.0,105.0,72.0,98.0,126.0,168.0,195.0,156.0,107,115,125,98,83,59,56,82,108,154,126,125,145,103,116.0,80.0,105.0,25.6,1.7,79.11,65.9,31.7,3.1,76.76,62.3,36.6,3.0,69.42,56.5,48.3,4.1,67.59,53.9,60.7,6.6,72.67,56.7,70.4,5.4,69.73,49.0,75.0,7.6,70.83,40.5,72.4,5.4,71.92,44.3,68.6,3.8,73.14,42.5,53.5,6.8,74.25,56.7,36.7,2.3,75.67,59.7,31.4,1.3,76.2,59.2
Port Orange,Florida,29.1383165,-80.9956105,95.0,115.0,130.0,104.0,120.0,142.0,153.0,122.0,82.0,105.0,111.0,100.0,82.0,110.0,121.0,117.0,134.0,126.0,141.0,118,118,125,116,113,85,76,109,131,145,122,141,117,110,100.0,122.0,126.0,58.8,3.8,78.96,52.6,66.4,1.1,83.23,49.7,64.4,1.2,71.7,43.5,71.0,3.0,74.97,46.5,76.0,5.6,78.59,51.8,79.3,8.4,85.74,61.3,80.7,6.9,84.96,56.4,81.3,7.0,85.36,56.6,81.1,5.2,79.71,51.0,76.7,9.2,80.44,53.0,67.2,1.8,83.16,53.4,62.8,3.3,83.4,53.4
Medford,Massachusetts,42.4184296,-71.10616390000001,23.0,19.0,34.0,36.0,49.0,60.0,54.0,61.0,43.0,53.0,43.0,44.0,31.0,21.0,17.0,29.0,39.0,60.0,64.0,65,36,47,47,39,35,21,29,32,55,52,51,42,38,39.0,39.0,38.0,31.2,3.7,61.69,43.9,35.1,3.0,63.16,32.9,36.8,2.9,56.39,32.5,48.7,5.8,64.05,39.1,58.2,3.1,68.65,47.3,67.5,4.8,66.82,44.0,75.6,4.9,64.79,35.7,73.4,3.0,67.48,36.8,66.8,4.3,71.1,38.9,56.6,5.5,72.11,38.5,42.2,5.0,64.25,40.9,35.0,3.9,59.95,39.6
Oak Lawn,Illinois,41.719978000000005,-87.7479528,,,,,,149.0,136.0,160.0,136.0,131.0,128.0,104.0,99.0,84.0,108.0,125.0,168.0,156.0,123.0,174,132,132,105,79,69,74,90,112,117,117,125,117,118,109.0,106.0,96.0,26.4,1.8,73.11,63.2,31.6,2.8,71.36,57.1,36.9,2.9,63.96,56.5,48.1,4.3,63.06,57.4,60.9,5.2,67.68,62.7,70.3,4.5,67.51,57.4,76.5,4.1,66.76,49.1,74.3,3.3,67.97,52.7,70.0,3.0,68.67,49.9,54.3,6.9,69.28,58.1,37.4,2.0,70.18,65.6,33.0,1.3,71.49,60.8
Rocky Mount,North Carolina,35.938210299999994,-77.7905339,63.0,50.0,82.0,78.0,64.0,72.0,86.0,81.0,70.0,73.0,63.0,67.0,52.0,44.0,69.0,86.0,83.0,63.0,80.0,101,63,80,69,65,49,61,56,75,76,71,90,85,78,87.0,69.0,104.0,41.6,3.0,71.36,38.1,50.4,2.6,71.08,42.4,48.2,3.6,64.3,37.6,61.5,5.6,68.36,34.2,72.2,4.0,74.05,33.9,76.3,4.5,75.33,32.9,79.2,5.3,76.57,30.7,77.0,6.1,81.82,34.9,74.2,5.6,82.79,36.4,63.5,3.5,81.31,34.7,49.0,2.0,78.25,37.4,45.1,2.9,76.82,39.3
Kokomo,Indiana,40.486427,-86.13360329999999,,,,,,,,,,,,,,,,,,107.0,108.0,130,95,112,79,66,57,90,71,106,101,116,125,121,96,84.0,76.0,86.0,26.8,2.6,83.41,57.0,34.6,2.3,81.06,56.0,37.4,3.9,73.66,47.0,50.1,4.4,72.13,46.3,63.9,6.1,73.99,44.0,71.7,6.3,73.13,36.7,74.4,5.1,77.65,29.1,71.2,5.2,80.84,32.6,67.9,2.5,79.25,28.8,54.9,3.4,76.45,40.0,37.8,4.0,81.09,54.4,32.1,1.9,83.05,51.1
Coconut Creek,Florida,26.2517482,-80.17893509999999,100.0,118.0,152.0,118.0,138.0,140.0,140.0,140.0,90.0,120.0,107.0,122.0,87.0,94.0,136.0,129.0,143.0,136.0,108.0,129,113,144,103,98,74,93,127,136,142,79,137,130,115,122.0,113.0,113.0,68.3,2.9,73.04,46.6,74.4,1.9,74.56,39.9,72.1,1.6,64.82,36.7,77.4,3.3,66.73,39.1,80.5,6.6,70.8,41.5,82.3,8.5,76.19,35.4,84.2,4.7,73.05,30.8,83.7,7.1,76.25,34.0,83.4,6.7,74.96,38.7,80.7,6.7,75.71,44.9,74.9,4.7,76.47,43.0,71.0,4.0,75.78,42.3
Bowie,Maryland,39.0067768,-76.77913649999999,114.0,116.0,188.0,140.0,164.0,187.0,103.0,185.0,124.0,138.0,165.0,100.0,126.0,121.0,126.0,104.0,127.0,222.0,138.0,144,138,167,148,130,124,93,103,140,169,150,133,166,99,164.0,124.0,126.0,34.4,3.0,69.75,22.0,40.6,3.4,69.49,18.3,41.4,3.5,62.26,19.2,55.8,2.7,64.53,21.0,65.1,6.5,75.93,35.8,72.4,3.0,72.41,37.8,76.9,9.0,75.26,36.9,74.6,3.5,78.52,47.8,70.5,3.8,78.48,51.6,60.1,4.0,75.63,52.7,44.1,4.1,68.27,56.6,39.2,4.2,68.55,49.6
Berwyn,Illinois,41.8505874,-87.79366850000001,54.0,54.0,65.0,42.0,72.0,92.0,41.0,70.0,60.0,59.0,60.0,53.0,51.0,43.0,48.0,57.0,76.0,67.0,61.0,96,57,54,46,41,36,37,38,56,55,54,54,61,65,51.0,40.0,41.0,26.4,1.9,72.7,60.3,31.4,2.8,71.77,52.7,36.9,2.8,63.74,54.2,47.7,4.4,63.63,52.8,60.4,5.2,67.33,60.4,69.6,4.2,67.89,53.9,76.4,3.6,66.03,46.8,74.3,3.3,67.11,50.6,69.7,2.9,67.84,50.5,54.2,6.8,68.79,60.9,37.2,2.0,69.87,69.0,32.8,1.4,70.97,63.7
Midwest City,Oklahoma,35.4495065,-97.39670190000001,77.0,54.0,98.0,85.0,85.0,114.0,92.0,106.0,108.0,83.0,91.0,107.0,83.0,60.0,86.0,83.0,117.0,100.0,103.0,105,94,107,57,88,86,61,89,99,122,114,102,124,89,105.0,85.0,82.0,39.2,1.5,61.79,32.5,43.4,2.3,68.73,40.2,53.0,4.8,60.28,33.8,59.3,5.9,63.8,33.2,70.2,7.2,69.55,29.6,77.3,6.2,69.61,22.9,81.9,1.4,64.74,18.1,79.3,8.1,70.21,28.5,74.8,6.0,72.83,35.2,59.7,5.1,68.13,31.6,48.3,0.7,64.85,34.8,41.6,7.0,65.33,39.1
Fountain Valley,California,33.7090212,-117.95440690000001,36.0,30.0,47.0,58.0,52.0,70.0,49.0,49.0,56.0,39.0,35.0,28.0,36.0,41.0,52.0,52.0,45.0,71.0,57.0,46,48,52,47,35,33,41,47,46,50,46,48,44,36,48.0,39.0,29.0,57.7,4.5,67.5,46.7,55.9,3.2,68.49,49.3,59.8,0.8,66.67,47.8,63.1,0.0,65.54,44.2,63.3,0.3,69.98,59.1,67.3,0.0,72.56,56.5,73.2,0.0,69.68,42.2,73.6,0.0,69.28,39.2,72.0,0.0,68.23,40.2,69.4,14.4,58.49,28.9,63.3,1.2,62.81,41.0,58.0,2.3,60.04,37.7
Buckeye,Arizona,33.370319699999996,-112.58377659999998,172.0,175.0,249.0,217.0,242.0,230.0,213.0,184.0,195.0,269.0,206.0,197.0,188.0,182.0,289.0,290.0,280.0,255.0,325.0,243,186,192,199,168,161,176,239,273,276,256,293,256,233,225.0,195.0,195.0,53.4,0.7,58.64,29.7,54.8,0.8,54.31,31.8,63.8,0.2,37.74,20.3,72.8,0.1,22.02,14.3,77.2,0.1,23.1,14.5,89.3,0.0,16.88,8.1,93.5,3.3,32.65,25.2,93.1,1.7,32.49,17.6,86.0,0.8,33.21,13.6,72.6,2.0,36.45,14.0,62.0,2.1,42.24,19.4,52.7,1.4,55.31,27.4
Dearborn Heights,Michigan,42.3369816,-83.2732627,113.0,88.0,117.0,102.0,135.0,123.0,132.0,140.0,148.0,114.0,132.0,109.0,112.0,94.0,86.0,94.0,118.0,114.0,143.0,109,129,123,102,97,119,69,90,100,119,121,134,137,125,124.0,108.0,81.0,26.6,2.1,73.56,73.8,31.9,2.6,70.7,75.4,35.1,2.9,62.15,65.4,48.1,3.9,61.24,69.7,61.0,5.3,64.5,68.7,70.1,2.8,62.6,64.7,75.5,2.5,64.1,58.9,73.0,3.6,66.84,61.6,67.6,3.6,72.86,62.0,54.4,3.7,71.94,67.7,37.8,3.5,70.49,79.6,31.9,2.0,72.84,77.0
Woodland,California,38.6785157,-121.7732971,46.0,46.0,48.0,78.0,69.0,84.0,60.0,70.0,50.0,50.0,43.0,60.0,47.0,38.0,63.0,72.0,87.0,57.0,70.0,68,33,56,58,56,35,40,58,79,88,81,72,67,61,74.0,46.0,62.0,47.8,7.0,88.02,57.9,50.4,5.0,71.38,39.8,53.9,3.7,73.34,31.9,59.4,1.9,66.06,28.3,64.9,0.8,61.07,28.8,73.7,0.1,53.28,12.5,76.4,0.0,50.86,10.1,74.5,0.0,56.27,8.4,71.2,0.1,53.67,14.2,62.7,0.6,49.31,13.6,53.6,1.6,68.36,34.9,47.7,2.4,79.19,42.1
Noblesville,Indiana,40.0455917,-86.0085955,80.0,97.0,139.0,132.0,186.0,189.0,170.0,159.0,134.0,119.0,129.0,115.0,91.0,90.0,136.0,133.0,162.0,174.0,194.0,190,124,128,110,118,83,85,114,140,160,165,183,162,123,141.0,126.0,148.0,27.4,2.9,80.74,60.8,35.8,3.2,77.68,56.3,38.1,4.1,71.46,51.4,50.9,5.2,69.72,45.8,64.4,6.0,73.47,40.2,71.3,6.5,73.47,33.2,74.1,4.6,77.51,25.6,71.1,4.8,79.49,30.6,67.7,3.2,79.09,25.2,54.5,3.8,78.11,41.9,37.9,3.4,80.06,51.6,32.2,2.5,80.96,51.4
Valdosta,Georgia,30.8327022,-83.2784851,80.0,97.0,134.0,115.0,140.0,112.0,126.0,149.0,108.0,132.0,95.0,95.0,110.0,104.0,133.0,136.0,151.0,177.0,136.0,171,152,116,120,100,135,137,147,214,161,150,172,174,137,170.0,127.0,121.0,51.3,4.8,74.03,31.6,61.5,2.4,77.36,46.7,59.1,2.3,67.54,29.5,66.9,3.3,69.85,31.2,75.0,4.5,72.36,30.0,78.5,7.4,80.48,33.7,79.7,5.7,81.81,30.1,79.8,8.0,82.04,34.7,78.4,3.4,77.19,26.2,71.1,3.5,77.52,32.4,57.9,3.0,79.47,34.1,55.0,6.5,80.45,49.4
Diamond Bar,California,34.028622600000006,-117.81033670000001,59.0,63.0,99.0,91.0,88.0,106.0,83.0,116.0,103.0,79.0,65.0,60.0,40.0,42.0,69.0,60.0,66.0,68.0,64.0,55,51,51,46,43,36,38,45,52,89,73,55,64,55,65.0,55.0,64.0,55.4,4.8,60.42,32.4,53.8,2.1,59.29,32.2,58.5,1.2,61.01,32.2,63.0,0.1,55.82,24.7,62.8,0.5,65.69,39.0,70.7,0.0,61.62,22.7,78.0,0.0,55.74,11.9,77.3,0.0,56.52,12.1,73.6,0.0,56.49,21.2,69.3,0.2,46.35,17.2,62.1,1.3,50.05,24.7,55.9,1.5,48.16,18.8
Manhattan,Kansas,39.1836082,-96.5716694,32.0,55.0,71.0,80.0,118.0,105.0,95.0,80.0,47.0,49.0,31.0,62.0,34.0,54.0,64.0,82.0,86.0,97.0,99.0,53,56,44,41,34,38,45,51,70,108,100,76,63,47,56.0,63.0,42.0,30.8,0.9,69.36,18.2,34.2,0.5,67.16,19.1,45.0,2.2,62.69,22.8,54.4,2.7,62.49,19.9,66.9,6.5,70.07,18.0,76.7,3.2,66.91,10.0,79.9,2.5,68.23,8.3,75.2,7.9,76.36,14.5,72.8,2.2,72.53,12.8,54.3,3.7,70.14,17.6,41.4,0.5,66.31,15.9,34.7,1.3,66.89,15.9
Santee,California,32.8383828,-116.97391670000002,48.0,51.0,60.0,78.0,75.0,81.0,78.0,85.0,71.0,80.0,61.0,63.0,44.0,57.0,64.0,81.0,106.0,72.0,72.0,81,55,64,57,56,62,54,76,80,69,72,82,70,76,63.0,65.0,53.0,57.0,3.0,65.29,31.3,55.7,3.8,65.84,41.0,59.4,0.9,65.26,38.1,63.5,0.2,62.14,36.7,63.3,0.7,67.78,62.4,68.6,0.0,67.73,49.7,74.8,0.0,65.19,31.1,75.2,0.0,65.87,34.3,73.0,0.1,64.82,35.3,69.0,0.2,55.64,27.1,62.9,1.2,57.82,23.8,56.7,2.2,59.37,22.4
Taunton,Massachusetts,41.900101,-71.08976740000001,38.0,28.0,45.0,46.0,71.0,61.0,49.0,65.0,79.0,52.0,58.0,49.0,32.0,24.0,50.0,47.0,46.0,86.0,78.0,68,54,60,51,64,48,37,42,36,51,66,70,74,55,58.0,57.0,70.0,31.3,4.7,66.47,41.5,35.5,3.3,67.09,39.1,36.3,5.3,59.77,39.4,48.8,6.6,67.45,46.5,58.2,3.1,70.85,51.7,67.0,3.1,70.94,39.3,73.9,3.3,71.85,29.5,72.3,2.6,73.85,33.6,65.3,4.4,77.43,37.1,55.9,5.7,76.12,44.3,41.9,5.5,68.9,39.5,33.7,4.7,68.9,39.3
Sanford,Florida,28.802861199999995,-81.269453,127.0,129.0,162.0,150.0,212.0,177.0,168.0,150.0,113.0,149.0,117.0,119.0,133.0,124.0,122.0,157.0,191.0,170.0,147.0,171,131,162,132,168,127,105,171,188,188,174,166,196,157,155.0,105.0,155.0,59.9,2.7,72.58,35.8,68.1,1.6,76.06,37.7,66.0,1.3,64.65,28.2,72.4,2.4,68.05,28.9,77.4,5.5,71.51,30.2,80.3,8.3,78.7,30.4,81.5,8.3,78.43,22.9,81.9,4.6,79.47,26.4,81.0,6.6,77.52,27.4,76.5,3.9,77.67,32.1,67.9,1.4,78.24,34.7,63.8,3.2,77.88,39.2
Kettering,Ohio,39.6895036,-84.16882740000001,74.0,73.0,90.0,83.0,108.0,141.0,130.0,112.0,106.0,129.0,88.0,94.0,82.0,56.0,100.0,112.0,116.0,147.0,143.0,147,115,136,102,109,86,76,86,126,160,131,139,137,137,132.0,113.0,116.0,30.6,3.2,75.48,69.1,39.1,4.6,72.15,62.5,40.1,4.3,63.74,55.7,53.9,5.1,62.63,51.2,66.8,4.9,68.72,49.8,72.5,5.6,68.79,42.4,76.0,5.7,70.46,35.3,73.8,3.3,70.65,37.8,70.4,3.5,70.92,37.1,57.5,3.3,71.01,44.7,40.6,4.1,72.28,57.7,35.4,3.0,74.18,55.4
New Brunswick,New Jersey,40.4862157,-74.4518188,27.0,25.0,35.0,27.0,26.0,41.0,29.0,33.0,27.0,32.0,18.0,22.0,17.0,20.0,30.0,36.0,30.0,24.0,26.0,27,34,23,20,21,25,11,21,22,24,27,18,26,19,28.0,27.0,27.0,33.0,3.6,63.38,44.9,37.7,3.5,64.97,37.3,39.4,4.1,56.29,37.7,53.0,4.8,61.69,41.0,62.6,6.8,68.8,49.6,71.2,4.8,65.8,37.6,77.2,6.8,69.28,33.3,74.9,6.3,72.15,35.2,69.4,3.2,72.71,40.6,58.6,4.6,72.35,41.7,42.9,3.9,65.03,36.9,36.4,4.5,67.02,44.4
Decatur,Alabama,34.605925299999996,-86.9833417,77.0,73.0,85.0,91.0,111.0,125.0,79.0,102.0,93.0,91.0,68.0,90.0,80.0,74.0,98.0,106.0,114.0,97.0,116.0,117,115,110,69,106,71,62,95,99,137,108,127,139,108,107.0,109.0,100.0,42.6,4.8,72.56,49.8,52.1,8.4,77.37,59.3,52.4,3.9,65.84,44.1,61.5,6.0,69.88,37.1,72.0,4.6,73.46,31.9,76.5,4.5,75.07,30.9,78.8,4.2,79.64,28.4,77.4,3.2,80.06,30.3,75.1,2.3,76.36,25.8,63.5,4.5,76.24,37.8,48.7,3.3,76.74,40.8,45.5,6.3,77.02,50.8
Chicopee,Massachusetts,42.14870429999999,-72.6078672,30.0,30.0,46.0,50.0,32.0,73.0,65.0,63.0,46.0,48.0,46.0,40.0,23.0,30.0,38.0,44.0,58.0,58.0,66.0,59,53,50,51,44,24,32,39,42,44,48,63,70,55,44.0,37.0,40.0,27.1,4.2,67.71,58.8,31.9,3.6,68.48,55.2,34.5,3.1,58.42,53.1,47.9,6.1,66.55,62.6,59.2,4.1,68.82,66.0,67.5,4.6,68.7,54.1,73.8,5.4,71.71,45.2,71.1,4.6,74.83,50.0,64.6,5.3,77.47,47.7,54.0,6.8,77.07,53.5,38.0,4.1,69.06,54.2,29.6,4.8,71.44,55.5
Anderson,Indiana,40.1053196,-85.6802541,73.0,93.0,104.0,104.0,91.0,136.0,78.0,110.0,82.0,148.0,104.0,102.0,85.0,81.0,101.0,109.0,98.0,77.0,105.0,108,101,132,85,103,50,97,95,98,100,116,129,118,104,133.0,89.0,134.0,28.8,2.9,76.84,63.6,36.9,3.1,74.26,58.4,38.6,4.6,68.52,49.8,52.7,5.6,65.47,46.3,64.6,6.8,69.77,41.8,72.2,7.8,68.7,34.9,74.6,6.4,74.35,30.2,71.8,4.4,74.17,32.2,69.2,4.2,74.64,29.5,55.7,3.9,72.94,39.8,38.5,4.2,77.0,51.4,33.4,2.5,78.19,50.8
Margate,Florida,26.244526300000004,-80.206436,88.0,101.0,130.0,134.0,163.0,137.0,122.0,157.0,85.0,136.0,105.0,124.0,99.0,84.0,125.0,133.0,137.0,125.0,145.0,133,108,140,104,113,89,85,137,149,150,74,142,140,116,118.0,110.0,118.0,68.2,3.0,73.18,46.3,74.3,1.8,74.64,40.2,72.1,1.5,64.82,36.6,77.5,3.3,66.39,39.0,80.6,6.6,70.5,41.6,82.2,8.3,76.39,35.5,84.1,4.9,73.34,31.1,83.5,7.4,76.74,34.3,83.3,7.0,75.46,39.2,80.6,6.6,76.23,45.1,74.8,4.9,77.11,43.1,70.9,4.1,76.44,42.2
Corvallis,Oregon,44.5645659,-123.2620435,54.0,53.0,58.0,55.0,71.0,100.0,88.0,81.0,80.0,64.0,48.0,62.0,48.0,50.0,55.0,64.0,65.0,91.0,93.0,91,78,61,53,45,47,39,45,57,80,85,83,90,76,59.0,56.0,71.0,40.0,5.0,88.4,32.9,40.5,7.4,86.53,40.6,45.2,4.0,80.87,31.3,50.6,4.6,76.97,52.4,57.5,1.1,72.11,37.0,62.4,0.5,65.58,30.0,67.8,0.2,62.07,15.3,67.9,0.1,65.39,16.7,61.2,1.6,73.31,19.4,51.1,2.9,77.96,17.5,44.4,4.0,86.83,25.6,39.8,4.5,90.6,37.2
Eastvale,California,33.952463,-117.5848025,59.0,51.0,80.0,57.0,75.0,77.0,66.0,74.0,65.0,55.0,59.0,54.0,52.0,56.0,54.0,62.0,77.0,84.0,71.0,73,63,60,38,53,42,37,47,68,74,75,85,79,83,71.0,67.0,58.0,56.0,5.2,63.64,41.6,53.6,3.1,64.76,38.7,59.0,1.8,62.89,38.9,63.6,0.1,59.04,33.0,63.8,0.5,66.43,49.6,71.4,0.0,63.72,32.9,78.3,0.0,58.33,17.8,77.5,0.0,59.12,15.8,73.9,0.0,59.57,24.0,68.9,0.3,48.26,18.9,61.2,1.5,55.84,27.9,55.4,1.8,53.68,30.9
Porterville,California,36.06523,-119.0167679,51.0,45.0,81.0,56.0,65.0,66.0,65.0,74.0,72.0,58.0,63.0,62.0,51.0,54.0,59.0,82.0,79.0,64.0,69.0,67,53,83,51,50,79,61,63,78,68,69,62,71,59,61.0,57.0,45.0,49.4,2.5,83.56,23.6,50.1,2.0,75.36,20.8,55.3,2.3,74.11,25.9,62.8,0.6,59.75,12.7,67.9,0.7,54.35,16.4,78.6,0.0,44.25,0.7,83.8,0.0,42.12,1.2,81.8,0.0,46.41,1.3,74.6,0.0,48.66,0.9,63.7,0.1,51.14,4.2,55.3,1.0,64.4,11.0,47.8,1.1,77.73,31.4
